Variable: [114.06951773159825, 108.26060141753098, 98.53735622858933]
Calculated Variable: [114.2509102397753, 108.48709603569682, 98.81558155218957]
Const: [115.90661688886561, 110.057161036402, 100.20670644201465]